X = [-1, 0, 1, 2, 3];
F = [-1, 0, 1, 8, 27];