L = legendre_poly(4)

L =

         0         0         0         0    1.0000
         0         0         0    1.0000         0
         0         0    1.5000         0   -0.5000
         0    2.5000         0   -1.5000         0
    4.3750         0   -3.7500         0    0.3750

C = Cebisev_poly(4)

C =

     0     0     0     0     1
     0     0     0     1     0
     0     0     2     0    -1
     0     4     0    -3     0
     8     0    -8     0     1

integrali(@(x) x,0,1)

I1 =

    0.5000


I2 =

    0.3012


ans =

   8.0363e-09


I4 =

   3.3310e-08

diary off
