type tablica

%tablica.m
X=[100,121,144];
F=[10,11,12];
novatablica
X1

X1 =

  100.0000  110.5000  121.0000  132.5000  144.0000

F1

F1 =

   10.0000   10.5000   11.0000   11.5000   12.0000

L = Lagr1(115)

L =

   10.7185