type funkcija

%funkcija.m
f=@(x) (x+1).^3.*exp(x/100);


%test: y=nula(-3,5,4)
[X,Y] = tablica(-3,5,4)

X =

   -3.0000   -0.3333    2.3333    5.0000


Y =

   -7.7636    0.2953   37.9114  227.0746

[c,d]=promenaZnaka(-3,5,4)

c =

    -3


d =

   -0.3333


y=nula(-3,5,4)
   -3.0000   -7.7636    6.4205   -5.0882    4.0621
   -2.1111   -1.3431    1.3322   -1.0261         0
   -1.2222   -0.0108    0.3062         0         0
   -0.3333    0.2953         0         0         0

Iterativni niz: 
  Columns 1 through 13

         0   -0.9646   -0.9436   -0.9295   -0.9192   -0.9116   -0.9057   -0.9010   -0.8973   -0.8943   -0.8919   -0.8899   -0.8882

  Columns 14 through 26

   -0.8869   -0.8858   -0.8848   -0.8841   -0.8834   -0.8829   -0.8824   -0.8820   -0.8817   -0.8815   -0.8812   -0.8810   -0.8809

  Columns 27 through 29

   -0.8808   -0.8806   -0.8805


y =

   -1.1160

diary off
